$ANSIBLE_VAULT;1.1;AES256
32663230653633353865326363396563326434363336656466303034633361376563623139373032
3335643463376364326333306564646230346564313864650a336431616131323132383061393535
35323130633639663766393730656264383638306163383561393763633365343762333338376235
3664323737306336640a343462386334393462346262623131386432373161313863646139356232
36626137393665633536333833386230383731653065613466373139346430366364613539356535
36626264393665373739313262656331613134623961613066653634373337396331633132636336
33333734303030666362626661643736363934396236326665303765353933346635393135623865
37333637613463363139653930333463653639333238653039323164383139306165326434653736
38666361636463346362316364316232343530633964656633343335316463396130663462656233
33313538313363373431336533313031353533393931316234656562616261316433396238323137
63343166663035666239366536643335353339323666373730646634313339386266373061343134
38643266636633336236363066343634343861356434616639643636663366636161623032636365
64393062353331363064386166393937613939303661343065373530376264623263636263623637
39383033323432316338333035363938343564636539353139633435303365316263366336613833
65633630613366663561663263316633633731346436336664626432633764653062646463353132
36626661373430333936333533313032303639333134666135383763383461366261396235363738
31363335366436313937646264666432616238363236363332353837353832663436316164613534
30636666643739336239356666303039663936376565353164613361613462653166313031613339
38373461626663636566363337343330376432333962343233316231633435306561663764393661
32653263343832356133656531306530616132623634366634363762633936396166386161653235
33326132653832383733643062636138393435366339343731326635643365346161383530386437
32626262666435306632396465336563616634666231613131346661653761336139346162353538
63643438363062663430386333646339323632643534383862313539393839666233373833363564
35656137303435323739663632333230396135663435326430663537363164393330646637383736
30613633383465626166666462323863663839653463323566306630393765333363
